111111111111111
111111111111111
111111111111111
111111111111111
111111111111111
111111111111111
111111111111111
111111111111111
111111111111111
111111111111111
111111111111111
111111111111111
111111111111111
111111111111111
111111111111111
-
111111111111111
111110000011111
111110000011111
111000000000111
111000000000111
100001111100001
100001111100001
100001111100001
100001111100001
100001111100001
111000000000111
111000000000111
111110000011111
111110000011111
111111111111111
-
111111111111111
100000000000001
100000000000001
100000000000001
100110000011001
100110000011001
100000111000001
100000111000001
100000111000001
100110000011001
100110000011001
100000000000001
100000000000001
100000000000001
111111111111111
-
111111111111111
100000000000001
100000000000001
100000000000001
100110000011001
100110000011001
100000000000001
100000010000001
100000000000001
100110000011001
100110000011001
100000000000001
100000000000001
100000000000001
111111111111111
-
111111111111111
100000000000001
100000000000001
100000000000001
100110000011001
100110000011001
100000000000001
100000000000001
100000000000001
100110000011001
100110000011001
100000000000001
100000000000001
100000000000001
111111111111111
-
111111111111111
100000000000001
100000000000001
100000000000001
100000000000001
100000000000001
100000000000001
100000000000001
100000000000001
100000000000001
100000000000001
100000000000001
100000000000001
100000000000001
111111111111111
-
111111111111111
100000000000001
100000000000001
100000000000001
100000000000001
100000000000001
100000000000001
100000000000001
100000000000001
100000000000001
100000000000001
100000000000001
102210000012101
101110000011201
111111111111111
-
111111111111111
100000000000001
100000000000001
110000000000011
120000000000021
120000000000011
100000000000001
100000000000001
100000000000001
110000000000021
110000000000021
120000000000011
100000000000001
100000000000001
111111111111111
-
111111111111111
101120000011201
100000000000001
100000000000001
100000000000001
100000000000001
100000000000001
100000000000001
100000000000001
100000000000001
100000000000001
100000000000001
100000000000001
100000000000001
111111111111111
-
111111111111111
100000000000001
100000000000001
100000000000001
100000000000001
100000000000001
100000000000001
100000000000001
100000000000001
100000000000001
100000000000001
100000000000001
100000000000001
100000000000001
111111111111111
-
111111111111111
100000012000001
100000012000001
100000012000001
100000021000001
100000021000001
100000011000001
100000012000001
100000020000001
100000000000001
100000010000001
100000010000001
100000000000001
100000000000001
111111111111111
-
111111111111111
100000000000001
100000000000001
100000000000001
100000000000001
100000000000001
100000000000001
100000000000001
100000000001101
100000000021221
100000000001111
100000000002211
100000000001111
100000000022121
111111111111111
-
111111111111111
110000000000001
120000000000001
120000000000001
110000000000001
110000000000001
120000000000001
110000000000001
110000000000001
120000000000001
110000012000001
110000021000001
111122111200001
100000000000001
111111111111111
-
111111111111111
101112211111221
100000000000021
100000000000011
100000000000111
100000000002101
100000000011101
100000000000001
100000000000001
100000000000001
100000000000001
100000000000001
100000000000001
100000000000001
111111111111111
-
111111111111111
100000000000001
100000000000001
100000000000001
100000000000001
100000000000001
100000000000001
100000011000001
100000110000001
100011000000001
100000000000001
100001110000001
100000000110001
100000000000131
111111111111111
-
111111111111111
100000000000001
100000000000001
100000000000001
100000000000001
100000000000001
100000000000001
100000000000001
100000000000001
100000000000001
100000000000001
100000000000001
100000000000001
100000000000001
111111111111111
-
111111111111111
100000000000001
100000000000001
100000000000001
100000000000001
100000000000001
100000000000001
100000000000001
100000000000001
100000000000001
100000000000001
100000000000001
100000000000001
100000000000001
111111111111111
-
111111111111111
100000000000001
100000000000001
100000000000001
100000000000001
100000000000001
100000000000001
100000000000001
100000000000001
100000000000001
100000000000001
100000000000001
100000000000001
100000000000001
111111111111111
-
111111111111111
111111111111111
111111111111111
111111111111111
111111111111111
111111111111111
111111111111111
111111111111111
111111111111111
111111111111111
111111111111111
111111111111111
111111111111111
111111111111111
111111111111111
