111111111111111
111111111111111
111111111111111
111111111111111
111111111111111
111111111111111
111111111111111
111111111111111
111111111111111
111111111111111
111111111111111
111111111111111
111111111111111
111111111111111
111111111111111
-
111111111111111
110000000000001
100000000000001
100000000000001
100000000000001
100000000000001
100000000000001
100000000000001
100000000000001
100000000000001
100000000000001
100000000000001
100000000000001
100000000000001
111111111111111
-
111111111111111
100000000000001
101000000000001
100000000000001
100000000000001
100000000000001
100000000000001
100000000000001
100000000000001
100000000000001
100000000000001
100000000000001
100000000000001
100000000000001
111111111111111
-
111111111111111
100000000000001
100000000000001
100100000000001
100000000000001
100000000000001
100000000000001
100000000000001
100000000000001
100000000000001
100000000000001
100000000000001
100000000000001
100000000000001
111111111111111
-
111111111111111
100000000000001
100000000000001
100000000000001
100010000000001
100000000000001
100000000000001
100000000000001
100000000000001
100000000000001
100000000000001
100000000000001
100000000000001
100000000000001
111111111111111
-
111111111111111
100000000000001
100000000000001
100000000000001
100000000000001
100001000000001
100000000000001
100000000000001
100000000000001
100000000000001
100000000000001
100000000000001
100000000000001
100000000000001
111111111111111
-
111111111111111
100000000000001
100000000000001
100000000000001
100000000000001
100000000000001
100000000000001
100000000000001
100000000000001
100000000000001
100000000000001
100000000000001
100000000000001
100000000000001
111111111111111
-
111111111111111
100000000000001
100000000000001
100000000000001
100000000000001
100000000000001
100000000000001
100000000000001
100000000000001
100000000000001
100000000000001
100000000000001
100000000000001
100000000000001
111111111111111
-
111111111111111
100000000000001
100000000000001
100000000000001
100000000000001
100000000000001
100000000000001
100000000000001
100000000000001
100000000000001
100000000000001
100000000000001
100000000000001
100000000000001
111111111111111
-
111111111111111
100000000000001
100000000000001
100000000000001
100000000000001
100000000000001
100000000000001
100000000000001
100000000000001
100000000000001
100000000000001
100000000000001
100000000000001
100000000000001
111111111111111
-
111111111111111
100000000000001
100000000000001
100000000000001
100000000000001
100000000000001
100000000000001
100000000000001
100000000000001
100000000000001
100000000000001
100000000000001
100000000000001
100000000000001
111111111111111
-
111111111111111
100000000000001
100000000000001
100000000000001
100000000000001
100000000000001
100000000000001
100000000000001
100000000000001
100000000000001
100000000000001
100000000000001
100000000000001
100000000000001
111111111111111
-
111111111111111
100000000000001
100000000000001
100000000000001
100000000000001
100000000000001
100000000000001
100000000000001
100000000000001
100000000000001
100000000000001
100000000000001
100000000000001
100000000000001
111111111111111
-
111111111111111
100000000000001
100000000000001
100000000000001
100000000000001
100000000000001
100000000000001
100000000000001
100000000000001
100000000000001
100000000000001
100000000000001
100000000000001
100000000000001
111111111111111
-
111111111111111
111111111111111
111111111111111
111111111111111
111111111111111
111111111111111
111111111111111
111111111111111
111111111111111
111111111111111
111111111111111
111111111111111
111111111111111
111111111111111
111111111111111
